100 0 0 0
60.58 4.34 4.34 35.08
36.94 6.65 6.65 56.41
22.68 7.71 7.71 69.61
13.74 7.92 7.92 78.34
8.22 7.96 7.96 83.82
5.07 7.53 7.53 87.4
3.04 7.18 7.18 89.78
1.92 6.67 6.67 91.41
1.17 6.17 6.17 92.66
0.71 5.87 5.87 93.42
0.46 5.6 5.6 93.94
0.3 5.39 5.39 94.31
0.15 5.22 5.22 94.63
0.1 4.93 4.93 94.97
0.07 4.62 4.62 95.31
0.04 4.42 4.42 95.54
0 4.27 4.27 95.73
0 4.1 4.1 95.9
0 3.88 3.88 96.12
0 3.73 3.73 96.27
0 3.55 3.55 96.45
0 3.34 3.34 96.66
0 3.24 3.24 96.76
0 3.17 3.17 96.83
0 3.06 3.06 96.94
0 2.92 2.92 97.08
0 2.81 2.81 97.19
0 2.71 2.71 97.29
0 2.62 2.62 97.38
0 2.51 2.51 97.49
0 2.41 2.41 97.59
0 2.33 2.33 97.67
0 2.3 2.3 97.7
0 2.26 2.26 97.74
0 2.19 2.19 97.81
0 2.15 2.15 97.85
0 2.11 2.11 97.89
0 2.05 2.05 97.95
0 2.04 2.04 97.96
0 1.97 1.97 98.03
0 1.92 1.92 98.08
0 1.88 1.88 98.12
0 1.84 1.84 98.16
0 1.81 1.81 98.19
0 1.78 1.78 98.22
0 1.72 1.72 98.28
0 1.69 1.69 98.31
0 1.68 1.68 98.32
0 1.67 1.67 98.33
0 1.64 1.64 98.36
0 1.61 1.61 98.39
0 1.56 1.56 98.44
0 1.51 1.51 98.49
0 1.46 1.46 98.54
0 1.43 1.43 98.57
0 1.42 1.42 98.58
0 1.36 1.36 98.64
0 1.33 1.33 98.67
0 1.32 1.32 98.68
0 1.28 1.28 98.72
0 1.27 1.27 98.73
0 1.24 1.24 98.76
0 1.23 1.23 98.77
0 1.22 1.22 98.78
0 1.2 1.2 98.8
0 1.2 1.2 98.8
0 1.2 1.2 98.8
0 1.17 1.17 98.83
0 1.16 1.16 98.84
0 1.12 1.12 98.88
0 1.1 1.1 98.9
0 1.08 1.08 98.92
0 1.07 1.07 98.93
0 1.05 1.05 98.95
0 1.05 1.05 98.95
0 1.04 1.04 98.96
0 1.02 1.02 98.98
0 1.01 1.01 98.99
0 1.01 1.01 98.99
0 1 1 99
0 0.97 0.97 99.03
0 0.96 0.96 99.04
0 0.95 0.95 99.05
0 0.94 0.94 99.06
0 0.93 0.93 99.07
0 0.9 0.9 99.1
0 0.89 0.89 99.11
0 0.89 0.89 99.11
0 0.89 0.89 99.11
0 0.88 0.88 99.12
0 0.86 0.86 99.14
0 0.85 0.85 99.15
0 0.84 0.84 99.16
0 0.84 0.84 99.16
0 0.82 0.82 99.18
0 0.79 0.79 99.21
0 0.79 0.79 99.21
0 0.78 0.78 99.22
0 0.76 0.76 99.24
0 0.76 0.76 99.24
0 0.76 0.76 99.24
