100 0 0 0
90.318 9.568 9.568 0.114
81.664 18.096 18.096 0.24
73.842 25.802 25.802 0.356
66.656 32.874 32.874 0.47
60.346 38.982 38.982 0.672
54.622 44.516 44.516 0.862
49.396 49.48 49.48 1.124
44.718 53.912 53.912 1.37
40.466 57.898 57.898 1.636
36.602 61.486 61.486 1.912
33.284 64.522 64.522 2.194
30.058 67.41 67.41 2.532
27.056 70.03 70.03 2.914
24.528 72.148 72.148 3.324
22.206 74.038 74.038 3.756
20.156 75.672 75.672 4.172
18.3 77.02 77.02 4.68
16.498 78.326 78.326 5.176
15.04 79.318 79.318 5.642
13.65 80.252 80.252 6.098
12.334 81.094 81.094 6.572
11.176 81.794 81.794 7.03
10.126 82.322 82.322 7.552
9.164 82.772 82.772 8.064
8.332 83.096 83.096 8.572
7.56 83.358 83.358 9.082
6.84 83.594 83.594 9.566
6.204 83.71 83.71 10.086
5.69 83.7 83.7 10.61
5.122 83.806 83.806 11.072
4.636 83.736 83.736 11.628
4.158 83.696 83.696 12.146
3.732 83.578 83.578 12.69
3.36 83.422 83.422 13.218
3.008 83.272 83.272 13.72
2.748 83.024 83.024 14.228
2.498 82.748 82.748 14.754
2.284 82.464 82.464 15.252
2.058 82.214 82.214 15.728
1.86 81.888 81.888 16.252
1.698 81.584 81.584 16.718
1.542 81.252 81.252 17.206
1.402 80.908 80.908 17.69
1.282 80.55 80.55 18.168
1.168 80.184 80.184 18.648
1.068 79.788 79.788 19.144
0.974 79.458 79.458 19.568
0.868 79.126 79.126 20.006
0.796 78.732 78.732 20.472
0.726 78.342 78.342 20.932
0.65 77.994 77.994 21.356
0.582 77.676 77.676 21.742
0.512 77.28 77.28 22.208
0.45 76.92 76.92 22.63
0.414 76.544 76.544 23.042
0.372 76.178 76.178 23.45
0.342 75.772 75.772 23.886
0.32 75.378 75.378 24.302
0.284 75.042 75.042 24.674
0.258 74.698 74.698 25.044
0.23 74.366 74.366 25.404
0.202 73.934 73.934 25.864
0.176 73.536 73.536 26.288
0.166 73.164 73.164 26.67
0.154 72.76 72.76 27.086
0.138 72.388 72.388 27.474
0.12 72.024 72.024 27.856
0.112 71.66 71.66 28.228
0.1 71.312 71.312 28.588
0.082 70.962 70.962 28.956
0.076 70.622 70.622 29.302
0.07 70.252 70.252 29.678
0.068 69.886 69.886 30.046
0.056 69.554 69.554 30.39
0.05 69.196 69.196 30.754
0.046 68.854 68.854 31.1
0.046 68.526 68.526 31.428
0.042 68.18 68.18 31.778
0.036 67.884 67.884 32.08
0.034 67.538 67.538 32.428
0.032 67.186 67.186 32.782
0.03 66.864 66.864 33.106
0.022 66.61 66.61 33.368
0.022 66.304 66.304 33.674
0.02 66 66 33.98
0.018 65.646 65.646 34.336
0.018 65.316 65.316 34.666
0.014 64.96 64.96 35.026
0.012 64.664 64.664 35.324
0.01 64.372 64.372 35.618
0.008 64.104 64.104 35.888
0.008 63.84 63.84 36.152
0.006 63.558 63.558 36.436
0.006 63.296 63.296 36.698
0.006 62.984 62.984 37.01
0.006 62.692 62.692 37.302
0.006 62.426 62.426 37.568
0.006 62.15 62.15 37.844
0.006 61.852 61.852 38.142
0.006 61.568 61.568 38.426
