100 0 0 0
90.562 8.7 8.7 0.738
81.932 16.284 16.284 1.784
74.018 22.708 22.708 3.274
67.068 27.64 27.64 5.292
60.47 31.706 31.706 7.824
54.674 34.448 34.448 10.878
49.548 36.312 36.312 14.14
44.674 37.586 37.586 17.74
40.416 38.296 38.296 21.288
36.7 38.166 38.166 25.134
33.186 37.988 37.988 28.826
30.064 37.42 37.42 32.516
27.218 36.834 36.834 35.948
24.602 36.074 36.074 39.324
22.208 35.188 35.188 42.604
20.084 34.302 34.302 45.614
18.19 33.328 33.328 48.482
16.512 32.434 32.434 51.054
14.902 31.478 31.478 53.62
13.546 30.46 30.46 55.994
12.298 29.512 29.512 58.19
11.03 28.728 28.728 60.242
9.966 27.83 27.83 62.204
8.93 26.868 26.868 64.202
8.064 26.016 26.016 65.92
7.322 25.114 25.114 67.564
6.646 24.286 24.286 69.068
6.034 23.472 23.472 70.494
5.454 22.784 22.784 71.762
4.94 22.086 22.086 72.974
4.438 21.386 21.386 74.176
4.022 20.666 20.666 75.312
3.65 20.05 20.05 76.3
3.314 19.426 19.426 77.26
3.032 18.846 18.846 78.122
2.768 18.258 18.258 78.974
2.49 17.722 17.722 79.788
2.266 17.192 17.192 80.542
2.06 16.694 16.694 81.246
1.908 16.21 16.21 81.882
1.69 15.792 15.792 82.518
1.522 15.348 15.348 83.13
1.374 14.98 14.98 83.646
1.228 14.584 14.584 84.188
1.108 14.176 14.176 84.716
1.022 13.774 13.774 85.204
0.94 13.418 13.418 85.642
0.88 13.026 13.026 86.094
0.804 12.646 12.646 86.55
0.734 12.322 12.322 86.944
0.674 12.11 12.11 87.216
0.616 11.822 11.822 87.562
0.564 11.548 11.548 87.888
0.506 11.242 11.242 88.252
0.468 10.956 10.956 88.576
0.44 10.696 10.696 88.864
0.392 10.468 10.468 89.14
0.364 10.208 10.208 89.428
0.328 10.016 10.016 89.656
0.31 9.8 9.8 89.89
0.274 9.608 9.608 90.118
0.244 9.44 9.44 90.316
0.206 9.236 9.236 90.558
0.184 9.058 9.058 90.758
0.158 8.882 8.882 90.96
0.146 8.704 8.704 91.15
0.14 8.536 8.536 91.324
0.13 8.338 8.338 91.532
0.124 8.17 8.17 91.706
0.116 8.028 8.028 91.856
0.102 7.878 7.878 92.02
0.086 7.772 7.772 92.142
0.074 7.63 7.63 92.296
0.064 7.49 7.49 92.446
0.06 7.352 7.352 92.588
0.052 7.232 7.232 92.716
0.046 7.11 7.11 92.844
0.042 6.998 6.998 92.96
0.034 6.872 6.872 93.094
0.032 6.758 6.758 93.21
0.03 6.648 6.648 93.322
0.028 6.534 6.534 93.438
0.024 6.432 6.432 93.544
0.02 6.316 6.316 93.664
0.02 6.246 6.246 93.734
0.018 6.17 6.17 93.812
0.01 6.08 6.08 93.91
0.01 5.976 5.976 94.014
0.01 5.88 5.88 94.11
0.01 5.784 5.784 94.206
0.008 5.704 5.704 94.288
0.006 5.63 5.63 94.364
0.004 5.54 5.54 94.456
0.004 5.468 5.468 94.528
0.004 5.376 5.376 94.62
0.004 5.288 5.288 94.708
0.004 5.216 5.216 94.78
0.002 5.152 5.152 94.846
0.002 5.106 5.106 94.892
0.002 5.034 5.034 94.964
