100 0 0 0
59.36 16.75 16.75 23.89
36.21 23.53 23.53 40.26
21.95 25.53 25.53 52.52
13.14 24.95 24.95 61.91
8.32 22.75 22.75 68.93
4.95 20.52 20.52 74.53
2.97 18.36 18.36 78.67
1.84 16.71 16.71 81.45
1.07 15.26 15.26 83.67
0.71 13.84 13.84 85.45
0.41 12.59 12.59 87
0.25 11.77 11.77 87.98
0.15 10.88 10.88 88.97
0.12 10.2 10.2 89.68
0.06 9.61 9.61 90.33
0.02 8.97 8.97 91.01
0 8.59 8.59 91.41
0 8.12 8.12 91.88
0 7.68 7.68 92.32
0 7.17 7.17 92.83
0 6.86 6.86 93.14
0 6.63 6.63 93.37
0 6.31 6.31 93.69
0 5.97 5.97 94.03
0 5.81 5.81 94.19
0 5.61 5.61 94.39
0 5.4 5.4 94.6
0 5.08 5.08 94.92
0 4.84 4.84 95.16
0 4.7 4.7 95.3
0 4.58 4.58 95.42
0 4.44 4.44 95.56
0 4.27 4.27 95.73
0 4.18 4.18 95.82
0 4.09 4.09 95.91
0 3.98 3.98 96.02
0 3.85 3.85 96.15
0 3.74 3.74 96.26
0 3.66 3.66 96.34
0 3.59 3.59 96.41
0 3.54 3.54 96.46
0 3.52 3.52 96.48
0 3.47 3.47 96.53
0 3.36 3.36 96.64
0 3.29 3.29 96.71
0 3.19 3.19 96.81
0 3.08 3.08 96.92
0 3 3 97
0 2.89 2.89 97.11
0 2.79 2.79 97.21
0 2.73 2.73 97.27
0 2.65 2.65 97.35
0 2.64 2.64 97.36
0 2.6 2.6 97.4
0 2.56 2.56 97.44
0 2.55 2.55 97.45
0 2.48 2.48 97.52
0 2.44 2.44 97.56
0 2.41 2.41 97.59
0 2.39 2.39 97.61
0 2.36 2.36 97.64
0 2.29 2.29 97.71
0 2.27 2.27 97.73
0 2.21 2.21 97.79
0 2.18 2.18 97.82
0 2.14 2.14 97.86
0 2.12 2.12 97.88
0 2.08 2.08 97.92
0 2.04 2.04 97.96
0 1.99 1.99 98.01
0 1.93 1.93 98.07
0 1.91 1.91 98.09
0 1.88 1.88 98.12
0 1.87 1.87 98.13
0 1.81 1.81 98.19
0 1.79 1.79 98.21
0 1.75 1.75 98.25
0 1.72 1.72 98.28
0 1.69 1.69 98.31
0 1.64 1.64 98.36
0 1.63 1.63 98.37
0 1.6 1.6 98.4
0 1.55 1.55 98.45
0 1.54 1.54 98.46
0 1.5 1.5 98.5
0 1.49 1.49 98.51
0 1.47 1.47 98.53
0 1.45 1.45 98.55
0 1.44 1.44 98.56
0 1.42 1.42 98.58
0 1.39 1.39 98.61
0 1.39 1.39 98.61
0 1.39 1.39 98.61
0 1.39 1.39 98.61
0 1.38 1.38 98.62
0 1.37 1.37 98.63
0 1.32 1.32 98.68
0 1.32 1.32 98.68
0 1.31 1.31 98.69
0 1.28 1.28 98.72
0 1.27 1.27 98.73
