100 0 0 0
90.522 8.462 8.462 1.016
81.89 15.708 15.708 2.402
74.372 21.242 21.242 4.386
67.296 25.75 25.75 6.954
61.008 28.9 28.9 10.092
55.054 31.186 31.186 13.76
49.91 32.432 32.432 17.658
45.23 33.038 33.038 21.732
40.892 33.238 33.238 25.87
36.762 33.328 33.328 29.91
33.23 32.852 32.852 33.918
30.17 32.046 32.046 37.784
27.388 31.142 31.142 41.47
24.814 30.308 30.308 44.878
22.412 29.53 29.53 48.058
20.326 28.648 28.648 51.026
18.388 27.81 27.81 53.802
16.674 27.062 27.062 56.264
15.048 26.12 26.12 58.832
13.618 25.206 25.206 61.176
12.306 24.456 24.456 63.238
11.106 23.64 23.64 65.254
10.068 22.804 22.804 67.128
9.148 22 22 68.852
8.31 21.212 21.212 70.478
7.554 20.37 20.37 72.076
6.772 19.752 19.752 73.476
6.112 19.114 19.114 74.774
5.548 18.41 18.41 76.042
5.076 17.756 17.756 77.168
4.586 17.316 17.316 78.098
4.118 16.752 16.752 79.13
3.708 16.236 16.236 80.056
3.418 15.69 15.69 80.892
3.116 15.216 15.216 81.668
2.838 14.72 14.72 82.442
2.544 14.292 14.292 83.164
2.3 13.88 13.88 83.82
2.088 13.516 13.516 84.396
1.882 13.076 13.076 85.042
1.734 12.672 12.672 85.594
1.544 12.254 12.254 86.202
1.422 11.916 11.916 86.662
1.272 11.542 11.542 87.186
1.154 11.202 11.202 87.644
1.048 10.934 10.934 88.018
0.962 10.63 10.63 88.408
0.874 10.336 10.336 88.79
0.79 10.046 10.046 89.164
0.71 9.778 9.778 89.512
0.628 9.566 9.566 89.806
0.566 9.312 9.312 90.122
0.512 9.072 9.072 90.416
0.462 8.834 8.834 90.704
0.42 8.586 8.586 90.994
0.384 8.394 8.394 91.222
0.346 8.15 8.15 91.504
0.314 7.962 7.962 91.724
0.28 7.82 7.82 91.9
0.242 7.642 7.642 92.116
0.222 7.46 7.46 92.318
0.204 7.258 7.258 92.538
0.18 7.108 7.108 92.712
0.158 6.934 6.934 92.908
0.15 6.75 6.75 93.1
0.136 6.604 6.604 93.26
0.124 6.458 6.458 93.418
0.11 6.296 6.296 93.594
0.104 6.148 6.148 93.748
0.096 6.03 6.03 93.874
0.086 5.9 5.9 94.014
0.072 5.796 5.796 94.132
0.064 5.682 5.682 94.254
0.056 5.578 5.578 94.366
0.052 5.456 5.456 94.492
0.048 5.37 5.37 94.582
0.044 5.274 5.274 94.682
0.04 5.184 5.184 94.776
0.032 5.082 5.082 94.886
0.028 4.998 4.998 94.974
0.024 4.932 4.932 95.044
0.022 4.852 4.852 95.126
0.02 4.766 4.766 95.214
0.018 4.688 4.688 95.294
0.012 4.628 4.628 95.36
0.012 4.566 4.566 95.422
0.01 4.494 4.494 95.496
0.01 4.4 4.4 95.59
0.01 4.34 4.34 95.65
0.008 4.262 4.262 95.73
0.006 4.206 4.206 95.788
0.006 4.14 4.14 95.854
0.006 4.1 4.1 95.894
0.006 4.032 4.032 95.962
0.006 3.972 3.972 96.022
0.006 3.916 3.916 96.078
0.006 3.856 3.856 96.138
0.004 3.804 3.804 96.192
0.004 3.75 3.75 96.246
0.004 3.702 3.702 96.294
