100 0 0 0
90.38 0.14 0.14 9.48
81.78 0.26 0.26 17.96
74.33 0.42 0.42 25.25
67.34 0.58 0.58 32.08
60.84 0.68 0.68 38.48
54.79 0.76 0.76 44.45
49.62 0.87 0.87 49.51
44.86 0.88 0.88 54.26
40.68 0.88 0.88 58.44
36.66 0.89 0.89 62.45
33.17 0.89 0.89 65.94
29.96 0.85 0.85 69.19
26.87 0.85 0.85 72.28
24.32 0.86 0.86 74.82
21.94 0.87 0.87 77.19
19.88 0.87 0.87 79.25
17.9 0.87 0.87 81.23
15.98 0.89 0.89 83.13
14.33 0.91 0.91 84.76
12.76 0.92 0.92 86.32
11.67 0.91 0.91 87.42
10.65 0.87 0.87 88.48
9.69 0.84 0.84 89.47
8.93 0.78 0.78 90.29
8 0.75 0.75 91.25
7.24 0.72 0.72 92.04
6.73 0.68 0.68 92.59
6.13 0.67 0.67 93.2
5.52 0.66 0.66 93.82
5.04 0.63 0.63 94.33
4.56 0.6 0.6 94.84
4.17 0.59 0.59 95.24
3.86 0.56 0.56 95.58
3.36 0.56 0.56 96.08
3 0.55 0.55 96.45
2.77 0.51 0.51 96.72
2.45 0.52 0.52 97.03
2.18 0.49 0.49 97.33
2.01 0.46 0.46 97.53
1.83 0.41 0.41 97.76
1.71 0.4 0.4 97.89
1.53 0.4 0.4 98.07
1.38 0.38 0.38 98.24
1.32 0.35 0.35 98.33
1.22 0.33 0.33 98.45
1.14 0.33 0.33 98.53
0.96 0.32 0.32 98.72
0.9 0.32 0.32 98.78
0.81 0.31 0.31 98.88
0.75 0.3 0.3 98.95
0.69 0.29 0.29 99.02
0.59 0.27 0.27 99.14
0.53 0.26 0.26 99.21
0.5 0.26 0.26 99.24
0.5 0.26 0.26 99.24
0.47 0.24 0.24 99.29
0.42 0.22 0.22 99.36
0.39 0.22 0.22 99.39
0.35 0.22 0.22 99.43
0.33 0.22 0.22 99.45
0.3 0.2 0.2 99.5
0.29 0.2 0.2 99.51
0.28 0.2 0.2 99.52
0.24 0.19 0.19 99.57
0.23 0.19 0.19 99.58
0.19 0.17 0.17 99.64
0.19 0.17 0.17 99.64
0.18 0.17 0.17 99.65
0.18 0.17 0.17 99.65
0.18 0.17 0.17 99.65
0.15 0.17 0.17 99.68
0.13 0.16 0.16 99.71
0.12 0.15 0.15 99.73
0.12 0.13 0.13 99.75
0.1 0.1 0.1 99.8
0.08 0.1 0.1 99.82
0.06 0.1 0.1 99.84
0.06 0.1 0.1 99.84
0.06 0.1 0.1 99.84
0.06 0.09 0.09 99.85
0.05 0.09 0.09 99.86
0.05 0.09 0.09 99.86
0.05 0.09 0.09 99.86
0.05 0.09 0.09 99.86
0.05 0.09 0.09 99.86
0.04 0.09 0.09 99.87
0.04 0.09 0.09 99.87
0.04 0.09 0.09 99.87
0.04 0.09 0.09 99.87
0.04 0.09 0.09 99.87
0.04 0.09 0.09 99.87
0.04 0.08 0.08 99.88
0.03 0.08 0.08 99.89
0.02 0.08 0.08 99.9
0.02 0.08 0.08 99.9
0.02 0.08 0.08 99.9
0.02 0.08 0.08 99.9
0.02 0.07 0.07 99.91
0.02 0.07 0.07 99.91
0.02 0.05 0.05 99.93
