100 0 0 0
60.61 36.06 36.06 3.33
37.01 55.63 55.63 7.36
22.43 65.49 65.49 12.08
13.79 69.37 69.37 16.84
8.41 70.07 70.07 21.52
5.04 68.9 68.9 26.06
3.09 66.57 66.57 30.34
1.87 63.77 63.77 34.36
1.14 60.98 60.98 37.88
0.5 58.27 58.27 41.23
0.33 55.74 55.74 43.93
0.2 53.07 53.07 46.73
0.1 50.97 50.97 48.93
0.04 48.81 48.81 51.15
0.03 46.66 46.66 53.31
0.03 44.9 44.9 55.07
0.02 43.01 43.01 56.97
0.01 41.32 41.32 58.67
0.01 39.69 39.69 60.3
0 38.36 38.36 61.64
0 37 37 63
0 35.85 35.85 64.15
0 34.67 34.67 65.33
0 33.59 33.59 66.41
0 32.76 32.76 67.24
0 31.63 31.63 68.37
0 30.87 30.87 69.13
0 30.03 30.03 69.97
0 29.17 29.17 70.83
0 28.47 28.47 71.53
0 27.58 27.58 72.42
0 27 27 73
0 26.26 26.26 73.74
0 25.72 25.72 74.28
0 25.14 25.14 74.86
0 24.5 24.5 75.5
0 23.91 23.91 76.09
0 23.4 23.4 76.6
0 22.85 22.85 77.15
0 22.36 22.36 77.64
0 21.96 21.96 78.04
0 21.49 21.49 78.51
0 21.08 21.08 78.92
0 20.68 20.68 79.32
0 20.3 20.3 79.7
0 19.87 19.87 80.13
0 19.5 19.5 80.5
0 19.14 19.14 80.86
0 18.87 18.87 81.13
0 18.49 18.49 81.51
0 18.25 18.25 81.75
0 17.96 17.96 82.04
0 17.73 17.73 82.27
0 17.47 17.47 82.53
0 17.27 17.27 82.73
0 16.88 16.88 83.12
0 16.66 16.66 83.34
0 16.39 16.39 83.61
0 16.21 16.21 83.79
0 15.95 15.95 84.05
0 15.7 15.7 84.3
0 15.41 15.41 84.59
0 15.26 15.26 84.74
0 15.11 15.11 84.89
0 14.84 14.84 85.16
0 14.57 14.57 85.43
0 14.34 14.34 85.66
0 14.18 14.18 85.82
0 14.05 14.05 85.95
0 13.87 13.87 86.13
0 13.69 13.69 86.31
0 13.47 13.47 86.53
0 13.27 13.27 86.73
0 13.1 13.1 86.9
0 12.92 12.92 87.08
0 12.77 12.77 87.23
0 12.65 12.65 87.35
0 12.55 12.55 87.45
0 12.44 12.44 87.56
0 12.32 12.32 87.68
0 12.21 12.21 87.79
0 12.06 12.06 87.94
0 11.89 11.89 88.11
0 11.8 11.8 88.2
0 11.7 11.7 88.3
0 11.54 11.54 88.46
0 11.48 11.48 88.52
0 11.33 11.33 88.67
0 11.23 11.23 88.77
0 11.09 11.09 88.91
0 10.95 10.95 89.05
0 10.86 10.86 89.14
0 10.79 10.79 89.21
0 10.65 10.65 89.35
0 10.53 10.53 89.47
0 10.47 10.47 89.53
0 10.37 10.37 89.63
0 10.29 10.29 89.71
0 10.23 10.23 89.77
0 10.11 10.11 89.89
0 10.02 10.02 89.98
