100 0 0 0
61.19 7.03 7.03 31.78
37.73 10.4 10.4 51.87
22.68 11.83 11.83 65.49
13.72 12.12 12.12 74.16
8.1 11.71 11.71 80.19
4.76 11.11 11.11 84.13
3.05 10.31 10.31 86.64
1.81 9.67 9.67 88.52
1.1 8.96 8.96 89.94
0.67 8.27 8.27 91.06
0.45 7.64 7.64 91.91
0.27 7.23 7.23 92.5
0.17 6.74 6.74 93.09
0.11 6.31 6.31 93.58
0.07 6.08 6.08 93.85
0.03 5.72 5.72 94.25
0.03 5.43 5.43 94.54
0.02 5.16 5.16 94.82
0.01 4.84 4.84 95.15
0.01 4.53 4.53 95.46
0.01 4.37 4.37 95.62
0 4.12 4.12 95.88
0 3.92 3.92 96.08
0 3.72 3.72 96.28
0 3.56 3.56 96.44
0 3.44 3.44 96.56
0 3.3 3.3 96.7
0 3.17 3.17 96.83
0 3 3 97
0 2.91 2.91 97.09
0 2.83 2.83 97.17
0 2.68 2.68 97.32
0 2.62 2.62 97.38
0 2.5 2.5 97.5
0 2.44 2.44 97.56
0 2.36 2.36 97.64
0 2.3 2.3 97.7
0 2.25 2.25 97.75
0 2.15 2.15 97.85
0 2.14 2.14 97.86
0 2.1 2.1 97.9
0 2.04 2.04 97.96
0 2.02 2.02 97.98
0 1.98 1.98 98.02
0 1.95 1.95 98.05
0 1.95 1.95 98.05
0 1.94 1.94 98.06
0 1.91 1.91 98.09
0 1.9 1.9 98.1
0 1.88 1.88 98.12
0 1.86 1.86 98.14
0 1.82 1.82 98.18
0 1.8 1.8 98.2
0 1.77 1.77 98.23
0 1.75 1.75 98.25
0 1.73 1.73 98.27
0 1.69 1.69 98.31
0 1.69 1.69 98.31
0 1.65 1.65 98.35
0 1.61 1.61 98.39
0 1.59 1.59 98.41
0 1.54 1.54 98.46
0 1.52 1.52 98.48
0 1.5 1.5 98.5
0 1.46 1.46 98.54
0 1.39 1.39 98.61
0 1.36 1.36 98.64
0 1.32 1.32 98.68
0 1.3 1.3 98.7
0 1.28 1.28 98.72
0 1.27 1.27 98.73
0 1.27 1.27 98.73
0 1.23 1.23 98.77
0 1.21 1.21 98.79
0 1.21 1.21 98.79
0 1.21 1.21 98.79
0 1.18 1.18 98.82
0 1.16 1.16 98.84
0 1.14 1.14 98.86
0 1.12 1.12 98.88
0 1.11 1.11 98.89
0 1.11 1.11 98.89
0 1.1 1.1 98.9
0 1.08 1.08 98.92
0 1.06 1.06 98.94
0 1.04 1.04 98.96
0 1.04 1.04 98.96
0 1.03 1.03 98.97
0 1.01 1.01 98.99
0 1.01 1.01 98.99
0 1.01 1.01 98.99
0 1.01 1.01 98.99
0 0.97 0.97 99.03
0 0.94 0.94 99.06
0 0.94 0.94 99.06
0 0.91 0.91 99.09
0 0.91 0.91 99.09
0 0.89 0.89 99.11
0 0.89 0.89 99.11
0 0.87 0.87 99.13
0 0.87 0.87 99.13
