100 0 0 0
90.492 8.824 8.824 0.684
81.806 16.814 16.814 1.38
73.938 23.97 23.97 2.092
66.856 30.284 30.284 2.86
60.13 36.048 36.048 3.822
54.322 40.764 40.764 4.914
49.02 44.782 44.782 6.198
44.366 48.106 48.106 7.528
40.214 50.776 50.776 9.01
36.326 53.088 53.088 10.586
32.908 54.818 54.818 12.274
29.946 56.026 56.026 14.028
27.046 57.136 57.136 15.818
24.492 57.936 57.936 17.572
22.092 58.492 58.492 19.416
20.072 58.65 58.65 21.278
18.174 58.66 58.66 23.166
16.504 58.63 58.63 24.866
14.842 58.564 58.564 26.594
13.384 58.358 58.358 28.258
12.098 57.956 57.956 29.946
10.948 57.456 57.456 31.596
9.896 56.804 56.804 33.3
8.934 56.194 56.194 34.872
8.058 55.506 55.506 36.436
7.268 54.754 54.754 37.978
6.552 53.98 53.98 39.468
5.948 53.04 53.04 41.012
5.394 52.216 52.216 42.39
4.886 51.41 51.41 43.704
4.44 50.538 50.538 45.022
4.03 49.69 49.69 46.28
3.604 48.986 48.986 47.41
3.26 48.23 48.23 48.51
2.946 47.418 47.418 49.636
2.7 46.578 46.578 50.722
2.462 45.708 45.708 51.83
2.23 44.962 44.962 52.808
2.01 44.154 44.154 53.836
1.82 43.358 43.358 54.822
1.66 42.56 42.56 55.78
1.466 41.844 41.844 56.69
1.34 41.172 41.172 57.488
1.206 40.512 40.512 58.282
1.096 39.89 39.89 59.014
0.994 39.23 39.23 59.776
0.9 38.504 38.504 60.596
0.828 37.886 37.886 61.286
0.746 37.292 37.292 61.962
0.67 36.732 36.732 62.598
0.6 36.182 36.182 63.218
0.552 35.556 35.556 63.892
0.512 34.924 34.924 64.564
0.46 34.384 34.384 65.156
0.42 33.864 33.864 65.716
0.396 33.298 33.298 66.306
0.358 32.802 32.802 66.84
0.33 32.27 32.27 67.4
0.31 31.722 31.722 67.968
0.292 31.29 31.29 68.418
0.26 30.84 30.84 68.9
0.242 30.398 30.398 69.36
0.22 30.026 30.026 69.754
0.2 29.626 29.626 70.174
0.172 29.276 29.276 70.552
0.154 28.918 28.918 70.928
0.14 28.546 28.546 71.314
0.132 28.176 28.176 71.692
0.126 27.764 27.764 72.11
0.112 27.432 27.432 72.456
0.1 27.09 27.09 72.81
0.096 26.692 26.692 73.212
0.092 26.324 26.324 73.584
0.09 25.986 25.986 73.924
0.08 25.628 25.628 74.292
0.07 25.294 25.294 74.636
0.06 24.976 24.976 74.964
0.054 24.696 24.696 75.25
0.05 24.404 24.404 75.546
0.046 24.12 24.12 75.834
0.044 23.828 23.828 76.128
0.042 23.568 23.568 76.39
0.04 23.304 23.304 76.656
0.036 23.05 23.05 76.914
0.034 22.782 22.782 77.184
0.03 22.528 22.528 77.442
0.026 22.284 22.284 77.69
0.024 22.07 22.07 77.906
0.02 21.828 21.828 78.152
0.018 21.604 21.604 78.378
0.014 21.406 21.406 78.58
0.014 21.224 21.224 78.762
0.012 21 21 78.988
0.01 20.792 20.792 79.198
0.008 20.596 20.596 79.396
0.008 20.388 20.388 79.604
0.008 20.192 20.192 79.8
0.008 20.036 20.036 79.956
0.008 19.848 19.848 80.144
0.006 19.672 19.672 80.322
