100 0 0 0
60.39 33.31 33.31 6.3
36.11 50.76 50.76 13.13
21.73 57.96 57.96 20.31
13.35 59.09 59.09 27.56
8 57.84 57.84 34.16
4.84 55.1 55.1 40.06
2.79 51.55 51.55 45.66
1.69 48.35 48.35 49.96
1.15 45.01 45.01 53.84
0.61 42.05 42.05 57.34
0.4 39.2 39.2 60.4
0.27 36.83 36.83 62.9
0.18 34.45 34.45 65.37
0.16 32.83 32.83 67.01
0.08 31.29 31.29 68.63
0.03 29.83 29.83 70.14
0 28.28 28.28 71.72
0 27.07 27.07 72.93
0 25.92 25.92 74.08
0 24.76 24.76 75.24
0 23.77 23.77 76.23
0 22.94 22.94 77.06
0 22.04 22.04 77.96
0 21.32 21.32 78.68
0 20.52 20.52 79.48
0 19.9 19.9 80.1
0 19.3 19.3 80.7
0 18.77 18.77 81.23
0 18.04 18.04 81.96
0 17.47 17.47 82.53
0 16.96 16.96 83.04
0 16.41 16.41 83.59
0 15.93 15.93 84.07
0 15.56 15.56 84.44
0 15.07 15.07 84.93
0 14.73 14.73 85.27
0 14.45 14.45 85.55
0 14.04 14.04 85.96
0 13.82 13.82 86.18
0 13.43 13.43 86.57
0 13.05 13.05 86.95
0 12.71 12.71 87.29
0 12.53 12.53 87.47
0 12.21 12.21 87.79
0 12.01 12.01 87.99
0 11.8 11.8 88.2
0 11.53 11.53 88.47
0 11.27 11.27 88.73
0 11.04 11.04 88.96
0 10.78 10.78 89.22
0 10.53 10.53 89.47
0 10.31 10.31 89.69
0 10.18 10.18 89.82
0 10 10 90
0 9.77 9.77 90.23
0 9.64 9.64 90.36
0 9.48 9.48 90.52
0 9.34 9.34 90.66
0 9.21 9.21 90.79
0 9.12 9.12 90.88
0 8.98 8.98 91.02
0 8.83 8.83 91.17
0 8.7 8.7 91.3
0 8.57 8.57 91.43
0 8.4 8.4 91.6
0 8.25 8.25 91.75
0 8.06 8.06 91.94
0 7.98 7.98 92.02
0 7.85 7.85 92.15
0 7.77 7.77 92.23
0 7.68 7.68 92.32
0 7.58 7.58 92.42
0 7.44 7.44 92.56
0 7.28 7.28 92.72
0 7.23 7.23 92.77
0 7.15 7.15 92.85
0 7.08 7.08 92.92
0 7.01 7.01 92.99
0 6.84 6.84 93.16
0 6.69 6.69 93.31
0 6.61 6.61 93.39
0 6.48 6.48 93.52
0 6.39 6.39 93.61
0 6.29 6.29 93.71
0 6.24 6.24 93.76
0 6.11 6.11 93.89
0 6.03 6.03 93.97
0 5.96 5.96 94.04
0 5.93 5.93 94.07
0 5.87 5.87 94.13
0 5.79 5.79 94.21
0 5.74 5.74 94.26
0 5.73 5.73 94.27
0 5.68 5.68 94.32
0 5.61 5.61 94.39
0 5.56 5.56 94.44
0 5.51 5.51 94.49
0 5.46 5.46 94.54
0 5.4 5.4 94.6
0 5.32 5.32 94.68
0 5.28 5.28 94.72
