100 0 0 0
90.58 9.224 9.224 0.196
81.914 17.534 17.534 0.552
73.954 24.97 24.97 1.076
66.802 31.376 31.376 1.822
60.482 36.714 36.714 2.804
54.806 41.166 41.166 4.028
49.668 44.904 44.904 5.428
44.942 47.984 47.984 7.074
40.586 50.536 50.536 8.878
36.816 52.372 52.372 10.812
33.274 53.868 53.868 12.858
30.136 54.864 54.864 15
27.278 55.542 55.542 17.18
24.662 55.912 55.912 19.426
22.34 55.95 55.95 21.71
20.174 55.922 55.922 23.904
18.32 55.58 55.58 26.1
16.576 55.082 55.082 28.342
14.924 54.568 54.568 30.508
13.524 53.894 53.894 32.582
12.224 53.208 53.208 34.568
11.042 52.416 52.416 36.542
9.968 51.576 51.576 38.456
9.012 50.64 50.64 40.348
8.166 49.63 49.63 42.204
7.364 48.664 48.664 43.972
6.618 47.708 47.708 45.674
5.984 46.8 46.8 47.216
5.364 45.864 45.864 48.772
4.858 44.808 44.808 50.334
4.392 43.908 43.908 51.7
3.976 42.906 42.906 53.118
3.648 42.004 42.004 54.348
3.334 41.008 41.008 55.658
3.02 40.122 40.122 56.858
2.746 39.304 39.304 57.95
2.462 38.492 38.492 59.046
2.216 37.752 37.752 60.032
2.018 36.954 36.954 61.028
1.812 36.15 36.15 62.038
1.672 35.384 35.384 62.944
1.474 34.674 34.674 63.852
1.348 33.938 33.938 64.714
1.23 33.266 33.266 65.504
1.104 32.58 32.58 66.316
0.984 31.978 31.978 67.038
0.91 31.3 31.3 67.79
0.83 30.656 30.656 68.514
0.762 30.118 30.118 69.12
0.686 29.562 29.562 69.752
0.6 29.042 29.042 70.358
0.526 28.518 28.518 70.956
0.474 27.988 27.988 71.538
0.442 27.518 27.518 72.04
0.398 27.03 27.03 72.572
0.37 26.576 26.576 73.054
0.328 26.136 26.136 73.536
0.296 25.67 25.67 74.034
0.272 25.24 25.24 74.488
0.244 24.856 24.856 74.9
0.218 24.376 24.376 75.406
0.202 23.978 23.978 75.82
0.178 23.59 23.59 76.232
0.16 23.184 23.184 76.656
0.15 22.828 22.828 77.022
0.126 22.482 22.482 77.392
0.098 22.13 22.13 77.772
0.092 21.798 21.798 78.11
0.088 21.432 21.432 78.48
0.076 21.136 21.136 78.788
0.068 20.86 20.86 79.072
0.056 20.562 20.562 79.382
0.054 20.252 20.252 79.694
0.05 19.958 19.958 79.992
0.044 19.708 19.708 80.248
0.034 19.442 19.442 80.524
0.032 19.15 19.15 80.818
0.028 18.89 18.89 81.082
0.026 18.636 18.636 81.338
0.024 18.346 18.346 81.63
0.018 18.068 18.068 81.914
0.018 17.834 17.834 82.148
0.016 17.594 17.594 82.39
0.012 17.396 17.396 82.592
0.012 17.182 17.182 82.806
0.012 16.948 16.948 83.04
0.01 16.758 16.758 83.232
0.008 16.586 16.586 83.406
0.008 16.394 16.394 83.598
0.006 16.214 16.214 83.78
0.004 16.038 16.038 83.958
0.004 15.858 15.858 84.138
0.004 15.694 15.694 84.302
0.004 15.534 15.534 84.462
0.004 15.35 15.35 84.646
0 15.17 15.17 84.83
0 14.99 14.99 85.01
0 14.824 14.824 85.176
0 14.668 14.668 85.332
0 14.514 14.514 85.486
