100 0 0 0
90.49 7.876 7.876 1.634
82.088 14.556 14.556 3.356
74.656 20.306 20.306 5.038
67.542 25.546 25.546 6.912
61.106 29.85 29.85 9.044
55.032 33.604 33.604 11.364
49.892 36.29 36.29 13.818
45.17 38.29 38.29 16.54
40.89 39.884 39.884 19.226
37.092 41.048 41.048 21.86
33.498 42.022 42.022 24.48
30.46 42.406 42.406 27.134
27.676 42.476 42.476 29.848
24.996 42.536 42.536 32.468
22.576 42.238 42.238 35.186
20.378 41.886 41.886 37.736
18.47 41.348 41.348 40.182
16.72 40.77 40.77 42.51
15.044 40.07 40.07 44.886
13.67 39.318 39.318 47.012
12.362 38.58 38.58 49.058
11.23 37.728 37.728 51.042
10.134 36.914 36.914 52.952
9.222 36.134 36.134 54.644
8.372 35.288 35.288 56.34
7.574 34.432 34.432 57.994
6.86 33.576 33.576 59.564
6.174 32.738 32.738 61.088
5.594 31.928 31.928 62.478
5.112 31.152 31.152 63.736
4.656 30.282 30.282 65.062
4.2 29.614 29.614 66.186
3.79 28.862 28.862 67.348
3.424 28.12 28.12 68.456
3.074 27.492 27.492 69.434
2.778 26.8 26.8 70.422
2.524 26.166 26.166 71.31
2.294 25.466 25.466 72.24
2.072 24.874 24.874 73.054
1.866 24.342 24.342 73.792
1.696 23.818 23.818 74.486
1.528 23.196 23.196 75.276
1.408 22.648 22.648 75.944
1.282 22.178 22.178 76.54
1.156 21.724 21.724 77.12
1.05 21.292 21.292 77.658
0.94 20.83 20.83 78.23
0.86 20.314 20.314 78.826
0.784 19.864 19.864 79.352
0.684 19.492 19.492 79.824
0.598 19.094 19.094 80.308
0.54 18.768 18.768 80.692
0.49 18.382 18.382 81.128
0.436 17.978 17.978 81.586
0.394 17.624 17.624 81.982
0.356 17.294 17.294 82.35
0.318 16.97 16.97 82.712
0.3 16.626 16.626 83.074
0.266 16.336 16.336 83.398
0.244 16.012 16.012 83.744
0.224 15.738 15.738 84.038
0.198 15.478 15.478 84.324
0.186 15.208 15.208 84.606
0.16 14.976 14.976 84.864
0.158 14.716 14.716 85.126
0.146 14.438 14.438 85.416
0.128 14.19 14.19 85.682
0.116 13.952 13.952 85.932
0.102 13.716 13.716 86.182
0.092 13.498 13.498 86.41
0.088 13.28 13.28 86.632
0.076 13.094 13.094 86.83
0.066 12.872 12.872 87.062
0.056 12.7 12.7 87.244
0.05 12.504 12.504 87.446
0.044 12.316 12.316 87.64
0.044 12.122 12.122 87.834
0.04 11.99 11.99 87.97
0.036 11.838 11.838 88.126
0.032 11.656 11.656 88.312
0.032 11.52 11.52 88.448
0.028 11.35 11.35 88.622
0.024 11.198 11.198 88.778
0.024 11.078 11.078 88.898
0.016 10.96 10.96 89.024
0.014 10.852 10.852 89.134
0.014 10.706 10.706 89.28
0.014 10.56 10.56 89.426
0.012 10.432 10.432 89.556
0.01 10.296 10.296 89.694
0.008 10.186 10.186 89.806
0.008 10.094 10.094 89.898
0.008 9.978 9.978 90.014
0.008 9.866 9.866 90.126
0.008 9.714 9.714 90.278
0.008 9.6 9.6 90.392
0.006 9.492 9.492 90.502
0.006 9.366 9.366 90.628
0.006 9.26 9.26 90.734
0.006 9.138 9.138 90.856
