100 0 0 0
90.29 8.446 8.446 1.264
81.758 15.702 15.702 2.54
74.028 22.108 22.108 3.864
66.804 27.832 27.832 5.364
60.478 32.57 32.57 6.952
54.798 36.35 36.35 8.852
49.78 39.438 39.438 10.782
45.096 42.082 42.082 12.822
40.744 44.176 44.176 15.08
36.842 45.712 45.712 17.446
33.3 46.844 46.844 19.856
30.014 47.664 47.664 22.322
27.174 48 48 24.826
24.618 48.182 48.182 27.2
22.274 48.038 48.038 29.688
20.196 47.758 47.758 32.046
18.27 47.456 47.456 34.274
16.534 46.88 46.88 36.586
15 46.274 46.274 38.726
13.632 45.58 45.58 40.788
12.37 44.852 44.852 42.778
11.158 44.078 44.078 44.764
10.012 43.284 43.284 46.704
9.098 42.314 42.314 48.588
8.26 41.448 41.448 50.292
7.414 40.7 40.7 51.886
6.712 39.722 39.722 53.566
6.034 38.85 38.85 55.116
5.476 38.038 38.038 56.486
4.96 37.124 37.124 57.916
4.506 36.31 36.31 59.184
4.088 35.512 35.512 60.4
3.724 34.618 34.618 61.658
3.35 33.792 33.792 62.858
3.028 33.076 33.076 63.896
2.754 32.334 32.334 64.912
2.514 31.658 31.658 65.828
2.27 30.996 30.996 66.734
2.048 30.326 30.326 67.626
1.838 29.69 29.69 68.472
1.706 29.024 29.024 69.27
1.524 28.42 28.42 70.056
1.366 27.762 27.762 70.872
1.24 27.144 27.144 71.616
1.134 26.584 26.584 72.282
1.016 26.13 26.13 72.854
0.916 25.58 25.58 73.504
0.842 25.008 25.008 74.15
0.748 24.508 24.508 74.744
0.682 23.958 23.958 75.36
0.616 23.522 23.522 75.862
0.54 23.096 23.096 76.364
0.496 22.674 22.674 76.83
0.448 22.21 22.21 77.342
0.414 21.77 21.77 77.816
0.37 21.36 21.36 78.27
0.336 20.974 20.974 78.69
0.31 20.606 20.606 79.084
0.268 20.198 20.198 79.534
0.242 19.876 19.876 79.882
0.214 19.54 19.54 80.246
0.182 19.214 19.214 80.604
0.164 18.908 18.908 80.928
0.152 18.614 18.614 81.234
0.134 18.286 18.286 81.58
0.112 18.034 18.034 81.854
0.108 17.776 17.776 82.116
0.1 17.482 17.482 82.418
0.084 17.242 17.242 82.674
0.078 16.97 16.97 82.952
0.068 16.72 16.72 83.212
0.056 16.492 16.492 83.452
0.05 16.25 16.25 83.7
0.048 16.01 16.01 83.942
0.046 15.756 15.756 84.198
0.046 15.516 15.516 84.438
0.042 15.318 15.318 84.64
0.04 15.104 15.104 84.856
0.034 14.898 14.898 85.068
0.028 14.708 14.708 85.264
0.024 14.53 14.53 85.446
0.018 14.318 14.318 85.664
0.014 14.166 14.166 85.82
0.014 14.006 14.006 85.98
0.012 13.836 13.836 86.152
0.008 13.666 13.666 86.326
0.008 13.5 13.5 86.492
0.006 13.364 13.364 86.63
0.006 13.172 13.172 86.822
0.006 13.012 13.012 86.982
0.006 12.864 12.864 87.13
0.006 12.678 12.678 87.316
0.002 12.53 12.53 87.468
0.002 12.384 12.384 87.614
0.002 12.222 12.222 87.776
0.002 12.084 12.084 87.914
0.002 11.978 11.978 88.02
0.002 11.87 11.87 88.128
0 11.75 11.75 88.25
0 11.652 11.652 88.348
