100 0 0 0
90.402 9.2 9.2 0.398
81.68 17.402 17.402 0.918
73.86 24.414 24.414 1.726
66.916 30.174 30.174 2.91
60.62 34.92 34.92 4.46
54.952 38.676 38.676 6.372
49.686 41.772 41.772 8.542
44.99 43.936 43.936 11.074
40.694 45.434 45.434 13.872
36.75 46.554 46.554 16.696
33.306 47.216 47.216 19.478
30.106 47.526 47.526 22.368
27.226 47.526 47.526 25.248
24.774 47.09 47.09 28.136
22.344 46.568 46.568 31.088
20.196 45.91 45.91 33.894
18.304 45.184 45.184 36.512
16.586 44.302 44.302 39.112
15.006 43.328 43.328 41.666
13.518 42.464 42.464 44.018
12.238 41.466 41.466 46.296
11.064 40.574 40.574 48.362
9.938 39.528 39.528 50.534
9.024 38.506 38.506 52.47
8.196 37.422 37.422 54.382
7.406 36.48 36.48 56.114
6.65 35.642 35.642 57.708
5.988 34.842 34.842 59.17
5.378 33.968 33.968 60.654
4.842 33.066 33.066 62.092
4.356 32.256 32.256 63.388
3.934 31.438 31.438 64.628
3.606 30.568 30.568 65.826
3.25 29.836 29.836 66.914
2.884 29.078 29.078 68.038
2.628 28.306 28.306 69.066
2.368 27.508 27.508 70.124
2.122 26.774 26.774 71.104
1.948 26.046 26.046 72.006
1.746 25.436 25.436 72.818
1.572 24.864 24.864 73.564
1.438 24.25 24.25 74.312
1.288 23.646 23.646 75.066
1.168 23.098 23.098 75.734
1.034 22.514 22.514 76.452
0.924 21.996 21.996 77.08
0.842 21.488 21.488 77.67
0.758 20.992 20.992 78.25
0.692 20.492 20.492 78.816
0.618 20.044 20.044 79.338
0.552 19.61 19.61 79.838
0.52 19.138 19.138 80.342
0.486 18.726 18.726 80.788
0.46 18.354 18.354 81.186
0.418 18.02 18.02 81.562
0.374 17.672 17.672 81.954
0.344 17.344 17.344 82.312
0.31 16.94 16.94 82.75
0.284 16.624 16.624 83.092
0.256 16.276 16.276 83.468
0.236 15.994 15.994 83.77
0.218 15.698 15.698 84.084
0.19 15.454 15.454 84.356
0.17 15.158 15.158 84.672
0.158 14.898 14.898 84.944
0.14 14.632 14.632 85.228
0.134 14.376 14.376 85.49
0.122 14.176 14.176 85.702
0.11 13.98 13.98 85.91
0.1 13.786 13.786 86.114
0.086 13.558 13.558 86.356
0.074 13.33 13.33 86.596
0.066 13.156 13.156 86.778
0.056 12.954 12.954 86.99
0.054 12.746 12.746 87.2
0.046 12.574 12.574 87.38
0.038 12.41 12.41 87.552
0.036 12.226 12.226 87.738
0.032 12.004 12.004 87.964
0.03 11.802 11.802 88.168
0.03 11.62 11.62 88.35
0.028 11.494 11.494 88.478
0.028 11.332 11.332 88.64
0.026 11.138 11.138 88.836
0.024 10.98 10.98 88.996
0.022 10.844 10.844 89.134
0.02 10.71 10.71 89.27
0.018 10.6 10.6 89.382
0.018 10.458 10.458 89.524
0.016 10.306 10.306 89.678
0.012 10.18 10.18 89.808
0.01 10.028 10.028 89.962
0.01 9.928 9.928 90.062
0.01 9.818 9.818 90.172
0.008 9.708 9.708 90.284
0.006 9.574 9.574 90.42
0.006 9.448 9.448 90.546
0.004 9.342 9.342 90.654
0.004 9.234 9.234 90.762
0.004 9.136 9.136 90.86
