100 0 0 0
60.85 28.93 28.93 10.22
36.59 42.56 42.56 20.85
22.14 46.82 46.82 31.04
13.79 46.44 46.44 39.77
8.21 44.7 44.7 47.09
4.99 41.79 41.79 53.22
3.21 38.31 38.31 58.48
1.89 35.42 35.42 62.69
1.12 32.82 32.82 66.06
0.67 30.26 30.26 69.07
0.48 27.87 27.87 71.65
0.27 25.82 25.82 73.91
0.15 23.85 23.85 76
0.08 22.3 22.3 77.62
0.05 20.86 20.86 79.09
0.01 19.99 19.99 80
0 18.99 18.99 81.01
0 17.96 17.96 82.04
0 16.89 16.89 83.11
0 16 16 84
0 15.31 15.31 84.69
0 14.78 14.78 85.22
0 14.17 14.17 85.83
0 13.73 13.73 86.27
0 13.19 13.19 86.81
0 12.81 12.81 87.19
0 12.4 12.4 87.6
0 11.93 11.93 88.07
0 11.44 11.44 88.56
0 11.06 11.06 88.94
0 10.74 10.74 89.26
0 10.36 10.36 89.64
0 10.12 10.12 89.88
0 9.89 9.89 90.11
0 9.68 9.68 90.32
0 9.42 9.42 90.58
0 9.23 9.23 90.77
0 9.01 9.01 90.99
0 8.76 8.76 91.24
0 8.59 8.59 91.41
0 8.37 8.37 91.63
0 8.25 8.25 91.75
0 8.03 8.03 91.97
0 7.81 7.81 92.19
0 7.59 7.59 92.41
0 7.41 7.41 92.59
0 7.31 7.31 92.69
0 7.09 7.09 92.91
0 6.93 6.93 93.07
0 6.81 6.81 93.19
0 6.64 6.64 93.36
0 6.51 6.51 93.49
0 6.37 6.37 93.63
0 6.26 6.26 93.74
0 6.14 6.14 93.86
0 6.06 6.06 93.94
0 5.92 5.92 94.08
0 5.84 5.84 94.16
0 5.72 5.72 94.28
0 5.65 5.65 94.35
0 5.55 5.55 94.45
0 5.43 5.43 94.57
0 5.31 5.31 94.69
0 5.22 5.22 94.78
0 5.14 5.14 94.86
0 5.08 5.08 94.92
0 4.93 4.93 95.07
0 4.88 4.88 95.12
0 4.8 4.8 95.2
0 4.73 4.73 95.27
0 4.67 4.67 95.33
0 4.61 4.61 95.39
0 4.49 4.49 95.51
0 4.41 4.41 95.59
0 4.35 4.35 95.65
0 4.31 4.31 95.69
0 4.26 4.26 95.74
0 4.19 4.19 95.81
0 4.16 4.16 95.84
0 4.08 4.08 95.92
0 4.01 4.01 95.99
0 3.94 3.94 96.06
0 3.85 3.85 96.15
0 3.77 3.77 96.23
0 3.72 3.72 96.28
0 3.67 3.67 96.33
0 3.65 3.65 96.35
0 3.59 3.59 96.41
0 3.55 3.55 96.45
0 3.53 3.53 96.47
0 3.5 3.5 96.5
0 3.43 3.43 96.57
0 3.39 3.39 96.61
0 3.32 3.32 96.68
0 3.31 3.31 96.69
0 3.29 3.29 96.71
0 3.26 3.26 96.74
0 3.18 3.18 96.82
0 3.13 3.13 96.87
0 3.11 3.11 96.89
0 3.08 3.08 96.92
