100 0 0 0
60.27 22.55 22.55 17.18
36.62 32.61 32.61 30.77
22.84 34.8 34.8 42.36
13.8 34.67 34.67 51.53
8.38 32.24 32.24 59.38
4.95 29.95 29.95 65.1
3.17 26.97 26.97 69.86
1.96 24.62 24.62 73.42
1.18 22.61 22.61 76.21
0.71 20.69 20.69 78.6
0.42 18.86 18.86 80.72
0.25 17.14 17.14 82.61
0.17 15.94 15.94 83.89
0.14 14.91 14.91 84.95
0.08 13.93 13.93 85.99
0.03 13.02 13.02 86.95
0.02 12.15 12.15 87.83
0 11.46 11.46 88.54
0 10.82 10.82 89.18
0 10.3 10.3 89.7
0 9.76 9.76 90.24
0 9.31 9.31 90.69
0 8.89 8.89 91.11
0 8.52 8.52 91.48
0 8.25 8.25 91.75
0 7.91 7.91 92.09
0 7.67 7.67 92.33
0 7.41 7.41 92.59
0 7.11 7.11 92.89
0 6.84 6.84 93.16
0 6.65 6.65 93.35
0 6.41 6.41 93.59
0 6.28 6.28 93.72
0 6.07 6.07 93.93
0 5.87 5.87 94.13
0 5.7 5.7 94.3
0 5.54 5.54 94.46
0 5.36 5.36 94.64
0 5.21 5.21 94.79
0 5.04 5.04 94.96
0 4.86 4.86 95.14
0 4.73 4.73 95.27
0 4.61 4.61 95.39
0 4.49 4.49 95.51
0 4.37 4.37 95.63
0 4.29 4.29 95.71
0 4.16 4.16 95.84
0 4.04 4.04 95.96
0 3.93 3.93 96.07
0 3.89 3.89 96.11
0 3.83 3.83 96.17
0 3.7 3.7 96.3
0 3.64 3.64 96.36
0 3.58 3.58 96.42
0 3.52 3.52 96.48
0 3.47 3.47 96.53
0 3.37 3.37 96.63
0 3.27 3.27 96.73
0 3.26 3.26 96.74
0 3.19 3.19 96.81
0 3.18 3.18 96.82
0 3.12 3.12 96.88
0 3.04 3.04 96.96
0 2.99 2.99 97.01
0 2.92 2.92 97.08
0 2.87 2.87 97.13
0 2.8 2.8 97.2
0 2.79 2.79 97.21
0 2.74 2.74 97.26
0 2.72 2.72 97.28
0 2.67 2.67 97.33
0 2.66 2.66 97.34
0 2.59 2.59 97.41
0 2.54 2.54 97.46
0 2.48 2.48 97.52
0 2.43 2.43 97.57
0 2.39 2.39 97.61
0 2.38 2.38 97.62
0 2.35 2.35 97.65
0 2.31 2.31 97.69
0 2.31 2.31 97.69
0 2.3 2.3 97.7
0 2.23 2.23 97.77
0 2.2 2.2 97.8
0 2.2 2.2 97.8
0 2.18 2.18 97.82
0 2.12 2.12 97.88
0 2.08 2.08 97.92
0 2.08 2.08 97.92
0 2.04 2.04 97.96
0 1.98 1.98 98.02
0 1.95 1.95 98.05
0 1.92 1.92 98.08
0 1.91 1.91 98.09
0 1.88 1.88 98.12
0 1.86 1.86 98.14
0 1.82 1.82 98.18
0 1.8 1.8 98.2
0 1.8 1.8 98.2
0 1.76 1.76 98.24
0 1.75 1.75 98.25
