100 0 0 0
90.31 4.55 4.55 5.14
81.87 7.6 7.6 10.53
74.26 9.84 9.84 15.9
67.19 10.95 10.95 21.86
61.06 11.71 11.71 27.23
55.05 11.74 11.74 33.21
49.89 11.65 11.65 38.46
44.97 11.2 11.2 43.83
40.8 10.94 10.94 48.26
36.79 10.87 10.87 52.34
33.45 10.38 10.38 56.17
30.24 10.2 10.2 59.56
27.21 10.07 10.07 62.72
24.59 9.31 9.31 66.1
22.47 8.82 8.82 68.71
20.36 8.62 8.62 71.02
18.33 8.31 8.31 73.36
16.48 8 8 75.52
14.75 7.8 7.8 77.45
13.41 7.34 7.34 79.25
12.18 6.96 6.96 80.86
11.12 6.49 6.49 82.39
10.01 6.15 6.15 83.84
9.27 5.98 5.98 84.75
8.34 5.66 5.66 86
7.66 5.57 5.57 86.77
6.94 5.38 5.38 87.68
6.46 5.12 5.12 88.42
5.89 5.07 5.07 89.04
5.32 4.93 4.93 89.75
4.86 4.71 4.71 90.43
4.37 4.56 4.56 91.07
3.79 4.39 4.39 91.82
3.46 4.17 4.17 92.37
3.24 4.06 4.06 92.7
2.93 4 4 93.07
2.73 3.84 3.84 93.43
2.44 3.71 3.71 93.85
2.21 3.59 3.59 94.2
1.95 3.53 3.53 94.52
1.76 3.34 3.34 94.9
1.61 3.18 3.18 95.21
1.45 3.06 3.06 95.49
1.3 2.94 2.94 95.76
1.18 2.77 2.77 96.05
1.08 2.65 2.65 96.27
0.97 2.53 2.53 96.5
0.83 2.5 2.5 96.67
0.75 2.39 2.39 96.86
0.69 2.31 2.31 97
0.59 2.16 2.16 97.25
0.55 2.09 2.09 97.36
0.51 2.02 2.02 97.47
0.47 1.98 1.98 97.55
0.44 1.93 1.93 97.63
0.4 1.93 1.93 97.67
0.32 1.92 1.92 97.76
0.28 1.83 1.83 97.89
0.25 1.76 1.76 97.99
0.24 1.7 1.7 98.06
0.21 1.65 1.65 98.14
0.18 1.63 1.63 98.19
0.17 1.58 1.58 98.25
0.17 1.55 1.55 98.28
0.14 1.53 1.53 98.33
0.13 1.48 1.48 98.39
0.13 1.42 1.42 98.45
0.12 1.39 1.39 98.49
0.11 1.34 1.34 98.55
0.09 1.32 1.32 98.59
0.09 1.24 1.24 98.67
0.07 1.22 1.22 98.71
0.07 1.17 1.17 98.76
0.05 1.13 1.13 98.82
0.04 1.1 1.1 98.86
0.03 1.1 1.1 98.87
0.03 1.07 1.07 98.9
0.03 1.05 1.05 98.92
0.03 1.02 1.02 98.95
0.03 1 1 98.97
0.03 0.97 0.97 99
0.02 0.92 0.92 99.06
0.02 0.92 0.92 99.06
0.02 0.89 0.89 99.09
0.02 0.89 0.89 99.09
0.02 0.88 0.88 99.1
0.02 0.87 0.87 99.11
0.02 0.86 0.86 99.12
0.02 0.83 0.83 99.15
0.02 0.81 0.81 99.17
0.02 0.81 0.81 99.17
0.02 0.78 0.78 99.2
0.02 0.77 0.77 99.21
0.02 0.75 0.75 99.23
0.02 0.74 0.74 99.24
0.02 0.71 0.71 99.27
0.02 0.69 0.69 99.29
0.02 0.69 0.69 99.29
0.02 0.69 0.69 99.29
0.02 0.67 0.67 99.31
