100 0 0 0
90.52 9.034 9.034 0.446
81.656 17.49 17.49 0.854
73.682 24.992 24.992 1.326
66.512 31.632 31.632 1.856
60.138 37.422 37.422 2.44
54.348 42.508 42.508 3.144
49.258 46.814 46.814 3.928
44.51 50.742 50.742 4.748
40.252 53.992 53.992 5.756
36.434 56.834 56.834 6.732
33.024 59.062 59.062 7.914
29.758 61.128 61.128 9.114
27.048 62.568 62.568 10.384
24.426 63.976 63.976 11.598
22.202 64.914 64.914 12.884
20.104 65.778 65.778 14.118
18.188 66.282 66.282 15.53
16.424 66.756 66.756 16.82
14.89 66.96 66.96 18.15
13.438 67.142 67.142 19.42
12.252 67.002 67.002 20.746
11.112 66.84 66.84 22.048
10.076 66.634 66.634 23.29
9.078 66.342 66.342 24.58
8.254 65.854 65.854 25.892
7.422 65.368 65.368 27.21
6.698 64.88 64.88 28.422
6.028 64.332 64.332 29.64
5.486 63.684 63.684 30.83
4.946 63.078 63.078 31.976
4.478 62.4 62.4 33.122
4.08 61.726 61.726 34.194
3.652 61.088 61.088 35.26
3.306 60.356 60.356 36.338
3.038 59.548 59.548 37.414
2.746 58.832 58.832 38.422
2.482 58.164 58.164 39.354
2.234 57.492 57.492 40.274
2.018 56.794 56.794 41.188
1.83 56.07 56.07 42.1
1.646 55.386 55.386 42.968
1.488 54.69 54.69 43.822
1.338 53.99 53.99 44.672
1.212 53.292 53.292 45.496
1.078 52.57 52.57 46.352
0.952 51.894 51.894 47.154
0.848 51.234 51.234 47.918
0.778 50.576 50.576 48.646
0.716 49.962 49.962 49.322
0.64 49.328 49.328 50.032
0.576 48.67 48.67 50.754
0.53 48.082 48.082 51.388
0.484 47.44 47.44 52.076
0.436 46.83 46.83 52.734
0.382 46.336 46.336 53.282
0.344 45.748 45.748 53.908
0.304 45.228 45.228 54.468
0.278 44.658 44.658 55.064
0.248 44.15 44.15 55.602
0.218 43.624 43.624 56.158
0.2 43.13 43.13 56.67
0.172 42.664 42.664 57.164
0.158 42.182 42.182 57.66
0.146 41.626 41.626 58.228
0.14 41.108 41.108 58.752
0.122 40.64 40.64 59.238
0.112 40.15 40.15 59.738
0.102 39.74 39.74 60.158
0.094 39.308 39.308 60.598
0.082 38.888 38.888 61.03
0.078 38.486 38.486 61.436
0.074 38.034 38.034 61.892
0.066 37.638 37.638 62.296
0.064 37.258 37.258 62.678
0.056 36.866 36.866 63.078
0.054 36.516 36.516 63.43
0.048 36.144 36.144 63.808
0.044 35.784 35.784 64.172
0.038 35.428 35.428 64.534
0.034 35.076 35.076 64.89
0.034 34.716 34.716 65.25
0.028 34.364 34.364 65.608
0.026 33.994 33.994 65.98
0.026 33.656 33.656 66.318
0.026 33.322 33.322 66.652
0.024 33.022 33.022 66.954
0.02 32.706 32.706 67.274
0.014 32.382 32.382 67.604
0.014 32.102 32.102 67.884
0.01 31.774 31.774 68.216
0.008 31.474 31.474 68.518
0.006 31.194 31.194 68.8
0.006 30.922 30.922 69.072
0.006 30.67 30.67 69.324
0.006 30.412 30.412 69.582
0.006 30.172 30.172 69.822
0.006 29.896 29.896 70.098
0.006 29.632 29.632 70.362
0.006 29.39 29.39 70.604
0.006 29.17 29.17 70.824
