100 0 0 0
90.432 0.094 0.094 9.474
81.59 0.182 0.182 18.228
73.742 0.25 0.25 26.008
66.736 0.322 0.322 32.942
60.472 0.378 0.378 39.15
54.586 0.448 0.448 44.966
49.406 0.49 0.49 50.104
44.878 0.522 0.522 54.6
40.634 0.564 0.564 58.802
36.816 0.59 0.59 62.594
33.234 0.616 0.616 66.15
30.01 0.646 0.646 69.344
27.118 0.666 0.666 72.216
24.576 0.678 0.678 74.746
22.142 0.706 0.706 77.152
20.024 0.724 0.724 79.252
18.1 0.734 0.734 81.166
16.35 0.736 0.736 82.914
14.812 0.738 0.738 84.45
13.458 0.75 0.75 85.792
12.17 0.748 0.748 87.082
10.986 0.754 0.754 88.26
9.922 0.766 0.766 89.312
8.972 0.766 0.766 90.262
8.158 0.772 0.772 91.07
7.392 0.766 0.766 91.842
6.72 0.76 0.76 92.52
6.076 0.76 0.76 93.164
5.466 0.756 0.756 93.778
4.962 0.75 0.75 94.288
4.474 0.752 0.752 94.774
4.036 0.75 0.75 95.214
3.666 0.736 0.736 95.598
3.332 0.734 0.734 95.934
3.016 0.732 0.732 96.252
2.75 0.724 0.724 96.526
2.488 0.722 0.722 96.79
2.264 0.704 0.704 97.032
2.068 0.696 0.696 97.236
1.854 0.696 0.696 97.45
1.69 0.694 0.694 97.616
1.54 0.684 0.684 97.776
1.418 0.672 0.672 97.91
1.288 0.662 0.662 98.05
1.162 0.654 0.654 98.184
1.052 0.648 0.648 98.3
0.968 0.644 0.644 98.388
0.892 0.642 0.642 98.466
0.804 0.638 0.638 98.558
0.73 0.632 0.632 98.638
0.666 0.628 0.628 98.706
0.602 0.618 0.618 98.78
0.544 0.602 0.602 98.854
0.5 0.596 0.596 98.904
0.452 0.596 0.596 98.952
0.414 0.592 0.592 98.994
0.378 0.588 0.588 99.034
0.354 0.584 0.584 99.062
0.314 0.58 0.58 99.106
0.288 0.576 0.576 99.136
0.25 0.57 0.57 99.18
0.232 0.568 0.568 99.2
0.21 0.562 0.562 99.228
0.194 0.56 0.56 99.246
0.162 0.556 0.556 99.282
0.152 0.552 0.552 99.296
0.134 0.552 0.552 99.314
0.118 0.546 0.546 99.336
0.112 0.544 0.544 99.344
0.098 0.534 0.534 99.368
0.094 0.526 0.526 99.38
0.092 0.52 0.52 99.388
0.076 0.518 0.518 99.406
0.068 0.514 0.514 99.418
0.064 0.506 0.506 99.43
0.062 0.494 0.494 99.444
0.06 0.488 0.488 99.452
0.056 0.486 0.486 99.458
0.056 0.484 0.484 99.46
0.046 0.48 0.48 99.474
0.046 0.474 0.474 99.48
0.04 0.466 0.466 99.494
0.034 0.462 0.462 99.504
0.028 0.46 0.46 99.512
0.026 0.46 0.46 99.514
0.024 0.452 0.452 99.524
0.024 0.45 0.45 99.526
0.024 0.45 0.45 99.526
0.022 0.446 0.446 99.532
0.02 0.444 0.444 99.536
0.02 0.442 0.442 99.538
0.02 0.438 0.438 99.542
0.018 0.432 0.432 99.55
0.018 0.432 0.432 99.55
0.012 0.43 0.43 99.558
0.01 0.422 0.422 99.568
0.01 0.42 0.42 99.57
0.008 0.416 0.416 99.576
0.008 0.414 0.414 99.578
0.008 0.404 0.404 99.588
