100 0 0 0
90.48 3.066 3.066 6.454
81.848 5.782 5.782 12.37
74.086 8.166 8.166 17.748
67.04 9.946 9.946 23.014
60.5 11.388 11.388 28.112
54.734 12.512 12.512 32.754
49.616 13.352 13.352 37.032
45.022 14.004 14.004 40.974
40.67 14.408 14.408 44.922
36.71 14.634 14.634 48.656
33.21 14.796 14.796 51.994
29.98 14.798 14.798 55.222
27.146 14.71 14.71 58.144
24.722 14.454 14.454 60.824
22.28 14.322 14.322 63.398
20.298 13.976 13.976 65.726
18.37 13.72 13.72 67.91
16.64 13.392 13.392 69.968
15.034 13.054 13.054 71.912
13.65 12.746 12.746 73.604
12.322 12.338 12.338 75.34
11.192 11.952 11.952 76.856
10.18 11.592 11.592 78.228
9.188 11.282 11.282 79.53
8.366 10.922 10.922 80.712
7.504 10.588 10.588 81.908
6.81 10.222 10.222 82.968
6.084 9.948 9.948 83.968
5.506 9.646 9.646 84.848
4.97 9.326 9.326 85.704
4.54 8.994 8.994 86.466
4.126 8.706 8.706 87.168
3.728 8.494 8.494 87.778
3.382 8.23 8.23 88.388
3.028 8.05 8.05 88.922
2.782 7.86 7.86 89.358
2.524 7.668 7.668 89.808
2.3 7.432 7.432 90.268
2.084 7.222 7.222 90.694
1.856 7.016 7.016 91.128
1.63 6.856 6.856 91.514
1.48 6.676 6.676 91.844
1.362 6.506 6.506 92.132
1.208 6.336 6.336 92.456
1.112 6.166 6.166 92.722
0.998 5.998 5.998 93.004
0.894 5.862 5.862 93.244
0.808 5.712 5.712 93.48
0.748 5.582 5.582 93.67
0.702 5.454 5.454 93.844
0.628 5.342 5.342 94.03
0.554 5.236 5.236 94.21
0.498 5.092 5.092 94.41
0.456 4.94 4.94 94.604
0.396 4.87 4.87 94.734
0.364 4.782 4.782 94.854
0.334 4.684 4.684 94.982
0.3 4.57 4.57 95.13
0.258 4.476 4.476 95.266
0.234 4.372 4.372 95.394
0.222 4.28 4.28 95.498
0.204 4.206 4.206 95.59
0.174 4.146 4.146 95.68
0.158 4.066 4.066 95.776
0.14 3.966 3.966 95.894
0.124 3.906 3.906 95.97
0.108 3.832 3.832 96.06
0.096 3.754 3.754 96.15
0.08 3.69 3.69 96.23
0.068 3.63 3.63 96.302
0.06 3.554 3.554 96.386
0.048 3.494 3.494 96.458
0.042 3.426 3.426 96.532
0.04 3.362 3.362 96.598
0.034 3.292 3.292 96.674
0.032 3.234 3.234 96.734
0.028 3.19 3.19 96.782
0.024 3.134 3.134 96.842
0.02 3.066 3.066 96.914
0.02 3.02 3.02 96.96
0.016 2.986 2.986 96.998
0.012 2.946 2.946 97.042
0.012 2.898 2.898 97.09
0.012 2.848 2.848 97.14
0.008 2.804 2.804 97.188
0.008 2.762 2.762 97.23
0.006 2.724 2.724 97.27
0.006 2.686 2.686 97.308
0.006 2.632 2.632 97.362
0.004 2.598 2.598 97.398
0.002 2.56 2.56 97.438
0.002 2.528 2.528 97.47
0.002 2.494 2.494 97.504
0.002 2.454 2.454 97.544
0.002 2.434 2.434 97.564
0.002 2.384 2.384 97.614
0.002 2.336 2.336 97.662
0.002 2.296 2.296 97.702
0.002 2.264 2.264 97.734
0.002 2.23 2.23 97.768
